15 29
56 23
9778 15506

28 37
69 17
5356 3517

47 79
84 16
7244 1660

11 39
48 16
11476 14884

12 79
60 14
9836 12272

33 50
26 12
6772 15880

66 19
12 38
14888 4452

16 42
64 15
16928 7838

13 32
54 20
5073 14580

19 36
56 29
1226 1814

79 32
18 66
14753 5438

79 15
16 82
2878 14244

78 25
14 62
7916 3975

59 14
21 71
16664 10839

67 19
18 73
14219 7633

83 13
91 85
14292 8252

92 29
30 94
7532 7785

13 65
71 20
260 15580

74 29
42 62
4438 5428

11 52
45 19
17422 11778

14 74
82 12
6218 15688

60 40
18 54
1398 1814

28 76
56 16
12856 3760

73 11
55 66
2831 946

16 48
67 32
18491 19184

84 16
20 71
8892 6733

91 14
66 89
6287 4673

18 62
37 15
16550 14482

20 74
52 15
13004 10683

68 35
14 54
14024 8701

13 39
41 23
1685 3355

13 76
82 22
10323 9654

11 83
84 14
7519 3489

33 84
80 32
8033 8948

72 42
35 71
9117 8505

18 40
90 31
9234 6493

19 68
66 61
7205 10543

55 29
21 34
5591 14886

46 22
26 56
2070 13584

19 50
62 22
12087 7636

16 82
80 12
8592 3598

23 11
13 23
15241 9445

26 45
39 19
10364 9006

51 19
14 28
12489 16499

12 23
66 41
19556 1703

69 34
12 44
6708 5324

91 31
31 90
9392 9078

14 40
71 28
6790 9048

32 34
93 23
2137 1285

11 97
29 18
2742 5399

26 65
49 14
19356 15652

29 74
97 28
8750 8498

19 80
87 27
7748 3442

11 35
61 30
9249 11160

18 48
61 33
4962 9884

47 75
74 28
4073 3887

52 13
39 71
7894 8476

54 98
65 19
9023 8557

86 11
16 45
6424 2368

14 39
42 19
6374 13761

23 42
34 15
5778 13340

13 21
26 13
2551 2611

23 88
62 53
3181 8118

13 90
87 27
3907 7488

61 23
70 98
5855 4141

17 54
49 27
16754 14138

56 22
23 41
4126 10692

41 15
39 66
2716 19559

18 74
61 14
8171 16866

12 19
49 25
19656 12181

33 77
51 13
2009 7445

64 12
19 69
2536 4140

24 76
50 15
13228 19482

65 20
17 40
19173 900

11 91
93 26
3024 7176

13 92
54 16
4219 7156

72 45
17 36
4731 8729

29 57
46 21
4987 4790

54 15
43 83
8158 2094

54 35
37 79
2189 2024

55 23
24 56
326 9926

12 26
82 45
7984 5624

31 85
54 32
3608 4670

92 18
73 65
13368 6470

11 44
45 27
1541 6095

47 20
23 60
7017 1780

47 16
19 63
1975 6193

52 24
29 57
15344 476

72 38
16 38
11112 10114

79 53
35 83
7573 6271

32 59
46 22
14552 15584

11 34
82 48
4794 15316

22 92
59 51
2992 3900

84 62
32 98
3312 7800

39 74
67 25
2569 4466

16 74
81 23
19595 8401

95 59
43 84
9271 9883

37 16
29 89
3278 3329

19 84
77 14
1081 1068

12 19
81 12
2694 1243

14 61
78 35
11906 7355

32 68
93 37
1948 2212

11 53
83 30
13873 6484

34 58
33 14
6369 7016

59 84
69 21
6564 6951

49 23
18 55
12360 16699

16 64
70 15
13108 4682

99 49
28 72
7677 4323

58 16
12 32
17836 8224

56 17
34 72
6074 12646

78 50
15 36
5702 4428

39 62
27 14
7943 10454

90 21
71 76
6110 2020

12 60
74 33
12030 11219

49 15
14 59
5737 14864

69 22
13 38
2917 4214

37 17
30 62
1259 3935

32 45
75 16
4204 2691

85 34
11 49
1698 1705

68 40
41 80
7662 5960

23 61
57 26
10389 14139

16 40
33 12
6497 9884

31 96
43 38
5090 11290

21 42
41 23
14722 8011

73 23
16 68
347 613

50 33
20 40
17580 17960

69 15
20 59
12087 708

82 39
30 92
1992 4834

40 13
13 57
19670 4897

68 48
11 24
3321 3272

15 34
37 22
1656 1712

13 48
58 18
13830 2180

37 12
25 55
19756 6071

35 59
44 13
13133 17678

50 88
55 11
3750 4884

58 11
28 79
17888 10119

42 13
24 72
13454 5951

48 86
95 37
8861 6951

23 41
48 19
2536 10671

21 90
69 50
7248 7720

72 20
23 44
6016 4680

22 74
97 15
4605 4595

65 24
21 67
11600 3087

20 43
63 36
9933 3250

20 55
66 18
13846 2553

34 13
12 73
3682 7086

60 19
33 69
13223 12155

28 42
37 15
3645 15611

12 54
79 30
10411 5000

12 74
94 54
1348 6210

91 83
18 71
4155 7283

60 22
16 39
4008 8271

66 13
28 73
5356 12695

70 52
23 99
4471 5533

43 11
23 80
10179 10780

69 23
19 69
9347 1273

59 17
28 77
11805 11525

58 22
19 65
16589 19695

19 57
77 37
19364 3220

13 49
76 34
6288 4758

69 42
25 47
11514 9841

18 43
45 14
17414 11617

31 76
44 12
14828 6268

56 20
30 74
11034 2094

43 12
17 57
19364 5468

67 59
19 65
7034 9766

29 11
41 69
5890 11210

58 11
33 76
10653 16936

32 11
47 60
5639 5139

78 36
20 87
1568 1968

45 18
26 58
9398 9230

20 47
69 12
4887 2025

79 39
12 35
1947 11830

61 23
31 54
3652 3281

14 32
46 31
10154 8327

73 81
89 23
11441 5877

54 59
14 94
5582 13497

58 69
13 74
6234 11982

22 91
40 35
3284 7322

32 50
42 17
6042 3419

87 66
21 85
2691 2594

19 42
45 27
5133 2426

53 77
63 25
8172 8280

77 50
12 28
8972 15248

79 57
39 93
6206 9018

41 27
15 56
1331 1061

65 70
96 17
8090 4825

61 19
23 64
8957 12589

22 37
50 18
10098 11920

84 63
24 64
3840 6376

14 33
21 12
3441 16127

37 83
42 11
13194 3217

32 56
64 14
1280 1162

74 17
48 82
3868 2450

42 19
44 63
8028 3786

72 61
15 90
5538 9484

89 69
13 53
703 1103

80 75
64 13
1680 1105

19 42
60 28
15981 17742

40 66
26 13
4274 14791

63 14
35 82
2027 2998

22 95
83 52
5319 9180

35 67
82 17
7528 3353

49 15
35 62
18295 16461

12 47
49 25
6301 1187

99 23
70 70
7729 2333

30 12
32 57
18584 236

16 77
54 59
3868 5357

61 33
44 89
3297 6217

97 20
99 95
11985 4485

58 28
11 30
7771 470

40 57
29 13
1079 17843

14 55
96 44
7434 5885

29 14
46 68
4400 800

46 18
23 61
11278 6842

13 72
73 18
7026 2214

24 64
56 36
5992 7932

11 27
31 20
13884 7714

28 63
55 21
10058 10973

54 31
12 34
16424 12096

17 36
35 19
17833 4568

67 11
12 68
454 734

95 28
39 80
7467 4804

91 11
44 38
7230 972

29 15
44 70
15362 770

21 82
96 93
2883 4211

24 40
38 13
17268 14074

56 14
27 64
10108 12132

72 28
19 49
9350 5422

20 63
68 29
14884 3359

76 45
13 34
10079 6852

57 25
22 50
5024 9200

51 15
26 49
19153 10212

49 13
17 42
14483 10790

70 20
20 68
18570 5644

14 22
40 12
16792 13256

33 19
17 36
13698 9914

52 20
39 67
1875 16879

46 27
11 32
2330 3360

17 55
78 32
8815 5415

29 54
49 28
17077 5982

55 24
26 55
5285 2627

26 83
67 14
15367 4847

44 11
29 36
4444 2376

21 80
57 47
4218 5860

40 33
20 82
3120 4801

63 25
32 71
18027 18881

50 24
34 55
15958 5573

44 15
42 75
4594 8075

79 14
14 66
15594 18740

43 22
25 61
2431 14665

34 15
55 80
5061 19525

62 26
17 64
9784 1512

83 70
90 14
4430 1260

16 56
98 89
5182 8231

82 22
14 69
1948 6833

13 85
70 49
6114 10959

44 18
28 47
2212 3103

13 69
56 17
6392 19322

48 22
45 74
6398 3396

26 51
54 24
19354 4439

75 58
23 89
4823 9142

96 99
91 11
6900 2145

21 33
90 46
6507 5263

14 56
58 19
2042 7430

21 68
58 14
16150 6700

17 25
42 20
1407 1025

54 12
16 33
11024 5417

40 18
11 53
11988 208

69 13
23 66
3412 11169

16 29
58 25
6044 1039

15 58
48 15
13937 8507

22 43
80 45
7612 5078

12 48
51 13
6077 10599

44 80
46 12
8964 8672

76 17
13 74
11822 12878

98 24
47 57
6211 4023

15 67
21 17
531 759

60 88
88 24
4384 5064

15 64
79 17
1302 434

11 35
72 24
10642 9538

14 27
92 21
1256 1953

49 16
31 69
12481 7539

33 61
55 19
8405 10385

40 94
77 28
6615 4074

90 56
31 76
7890 8312

42 99
75 38
9639 10091

15 93
62 40
6871 8849

15 46
32 18
3296 18792

64 83
83 21
6251 7327

12 46
32 17
18328 2824

33 61
50 26
1929 1573

19 51
61 36
12007 1517

33 82
86 67
11080 14036

11 29
70 31
662 10319

35 82
95 50
1560 2792

21 43
42 27
18239 15806

46 23
21 37
19135 12376

97 17
36 78
4100 5020

28 59
85 12
5343 2736

12 61
82 28
13438 17825

41 71
47 15
15081 7637

90 61
16 85
5320 9909

80 42
15 53
4955 2827

14 33
60 37
19110 8006

63 29
12 27
7448 10341

68 22
13 33
5537 11837

54 24
28 54
13884 428

62 27
21 62
18196 11975

53 78
33 14
12540 13480

26 32
15 98
3291 10334

13 47
29 11
10839 18181

13 99
54 26
4851 6509

63 12
23 90
3708 3018

13 51
65 60
5330 5700

57 37
27 89
2391 3053

14 32
27 19
15478 6572

79 15
46 49
5806 1344

33 38
13 72
1700 6520

11 43
74 42
6025 16265